45
01
00
00
00
00
00
00
d5
00
00
00
00
00
00
00
00
55
55
00
10
00
55
65
65
05
05
00
10
71
81
75
05
76
06
06
05
40
55
05
40
40
25
05
06
00
40
80
75
77
07
87
87
07
7c
03
03
06
05
00
80
75
75
07
85
85
d5
d7
85
d5
8c
03
03
06
05
00
80
01
24
c7
26
96
f0
07
87
8a
55
05
03
00
07
82
20
24
01
80
01
07
26
87
8c
55
85
05
03
00
67
85
27
98
20
01
f0
07
87
86
80
f0
01
26
24
04
2e
26
07
24
22
26
00
27
05
85
40
07
25
85
40
07
87
27
87
22
27
05
85
40
07
2e
27
97
24
27
87
26
27
07
da
27
85
20
24
01
80
01
26
04
67
a7
a7
a7
85
24
01
80
01
2e
2c
2a
04
26
67
a7
a4
25
f0
07
a0
00
20
24
24
01
80
01
2e
04
26
67
a7
a7
27
a0
00
24
01
80
01
2e
2c
2a
28
04
07
26
07
24
27
27
07
85
f0
25
25
40
07
85
f0
25
40
09
89
25
40
07
87
06
86
05
85
00
07
87
05
85
40
07
85
f0
07
85
20
24
29
29
01
80
01
2e
2c
2a
28
26
24
22
20
2e
09
89
04
84
00
ab
07
0a
8a
02
06
86
05
85
40
16
06
86
05
85
40
06
06
10
05
85
20
18
06
06
05
85
20
1c
07
24
57
87
26
24
28
2a
2c
2e
20
22
0c
77
aa
aa
20
85
05
24
24
29
29
2a
2a
2b
2b
01
80
85
05
10
0a
85
05
06
06
20
14
05
85
10
0c
05
85
10
04
07
24
a7
57
87
26
24
28
2a
2c
2e
20
22
07
08
05
10
1a
40
07
20
00
05
85
10
00
06
06
05
85
20
54
07
24
a7
57
87
26
24
28
2a
2c
2e
08
76
a6
a6
07
20
22
1e
40
07
20
27
88
40
27
20
2a
2a
f0
05
85
20
10
77
aa
aa
06
24
56
86
26
24
28
2a
2c
2e
20
22
07
0e
05
10
0c
27
88
40
27
2a
2a
20
f0
05
85
10
02
05
85
10
0a
06
05
86
85
30
aa
1c
07
24
57
87
26
24
28
2a
2c
2e
06
06
05
85
14
77
a7
a7
20
22
20
5a
77
a6
a6
05
85
20
04
84
10
06
86
05
85
20
aa
0c
77
a7
a7
20
22
07
1c
f0
40
07
20
f0
20
22
05
10
16
f0
77
a7
a7
20
22
20
5a
77
a6
a6
05
85
20
04
84
10
06
86
05
85
20
aa
0a
77
a7
a7
20
22
f0
07
24
57
87
26
24
28
2a
2c
2e
06
06
06
05
85
10
20
22
07
0c
f0
07
01
c7
26
f9
2e
2c
2a
28
24
22
20
2e
2c
2a
28
26
e7
00
f4
07
8b
dc
07
07
e7
05
05
96
20
24
24
29
29
2a
2a
2b
2b
2c
2c
2d
2d
01
80
0b
00
c2
07
8e
89
04
0a
8a
0c
ca
92
07
80
07
82
07
0a
07
12
c0
85
05
20
24
24
29
29
2a
2a
2b
2b
2c
2c
2d
2d
01
00
05
05
f0
14
52
20
24
24
29
29
2a
2a
2b
2b
2c
2c
2d
2d
55
05
01
10
85
05
10
0e
57
87
67
8c
07
da
07
dc
07
54
44
05
05
f0
0c
07
87
f7
07
9a
4c
d8
07
07
e7
82
07
1c
07
c5
f0
07
de
07
c2
d7
87
07
5a
07
07
57
17
10
77
0c
0c
f0
85
05
5e
77
a5
a5
86
06
10
f0
87
75
07
a5
a5
06
86
10
f0
50
77
a6
a6
05
85
20
f0
04
f0
07
07
e4
05
05
8e
42
05
58
f0
0c
f0
86
06
85
05
30
06
86
10
f0
07
06
52
77
a6
a6
24
20
27
84
06
05
86
57
74
a6
87
0b
86
87
6b
da
b6
86
de
74
23
23
08
0c
2e
87
0b
88
0e
06
86
05
2e
2c
2a
28
24
0d
28
2a
20
23
23
24
06
86
26
05
05
20
22
10
06
86
25
25
5d
09
10
06
86
28
2a
25
25
0b
20
2e
06
ed
06
8d
8d
09
86
86
05
84
20
06
86
25
25
20
23
23
24
06
86
26
85
85
20
06
86
05
05
20
06
86
20
06
86
25
25
0b
20
2f
2f
06
86
20
86
86
24
26
85
85
20
76
a6
a6
0d
8d
20
76
a6
a6
10
06
86
20
76
a6
a6
10
06
86
20
76
a6
a6
10
06
86
20
76
a6
a6
10
06
86
20
76
a6
a6
10
06
86
28
2a
05
85
20
23
23
06
86
05
85
20
06
86
28
2a
85
85
10
26
26
20
23
23
06
86
10
0d
8d
06
86
05
85
20
77
a6
24
26
a6
10
06
86
20
22
10
8d
86
86
05
85
20
77
a6
a6
28
2a
85
85
20
2e
2e
06
86
20
06
86
25
25
20
86
86
20
09
89
25
25
86
86
20
06
86
05
85
00
09
89
06
86
25
25
00
76
a6
a6
05
84
20
26
26
0d
8d
05
85
20
06
86
05
85
20
76
a6
a6
20
76
a6
a6
09
89
05
85
20
06
86
05
85
00
28
28
86
06
00
27
0b
8b
85
30
09
89
06
86
05
85
00
24
86
86
00
06
86
00
06
85
06
86
09
89
20
86
86
20
06
86
20
06
86
05
85
20
27
0d
8d
07
e7
84
27
27
24
26
04
86
06
85
05
20
06
86
20
86
06
0b
8b
05
85
20
06
86
05
85
00
86
06
0c
8c
05
85
20
06
86
0a
8a
05
85
00
07
09
84
89
c0
87
e7
9c
77
a6
a6
05
85
00
0b
8b
06
86
05
85
20
06
86
05
85
20
89
44
57
05
87
57
87
d7
77
07
08
55
c5
f5
0b
f7
e7
87
06
86
db
c6
05
85
20
06
86
0a
8a
05
85
00
84
9b
77
a6
a6
09
05
85
20
0d
8d
06
86
05
85
20
06
86
05
85
20
77
a6
a6
20
77
a6
a6
0a
8a
05
85
20
06
86
05
85
00
0a
8a
06
86
05
85
00
06
86
09
89
20
06
86
05
85
20
0c
8c
06
86
05
85
20
77
a6
a6
0a
8a
20
77
a6
a6
20
06
86
20
77
a6
a6
00
06
86
20
77
a6
a6
20
06
86
20
77
a6
a6
00
06
86
20
06
86
05
85
20
0a
8a
06
86
05
85
20
77
a6
a6
0d
8d
05
85
20
06
86
05
85
10
0a
8a
06
86
05
85
10
06
86
00
06
86
05
85
20
06
86
20
86
06
25
25
20
07
d6
50
85
26
26
10
f0
86
85
06
05
10
f0
05
45
5a
f0
09
49
d7
79
87
d0
37
87
87
e7
94
06
86
20
06
86
05
85
10
4a
74
26
26
25
25
10
26
26
10
f0
77
a7
a7
24
26
f0
74
08
0c
2e
88
0e
23
23
f0
07
86
d6
c6
74
26
26
28
20
77
a6
a6
09
89
10
77
a6
a6
0d
8d
05
85
10
77
a6
a6
0b
8b
05
85
10
77
06
86
a5
a5
20
06
86
10
77
06
86
a5
a5
20
06
86
24
26
05
85
10
28
28
06
86
05
85
10
77
a6
a6
10
06
86
05
85
20
06
86
0b
8b
05
85
00
06
85
06
86
09
89
20
06
86
05
85
20
0d
8d
27
f0
74
26
26
25
25
10
26
26
10
f0
12
07
d7
17
0c
9c
77
0c
0c
f0
07
0b
0b
d0
f0
06
86
20
06
86
10
f0
76
25
76
a8
a8
76
2e
2c
a3
a3
0e
74
f0
0b
f0
86
00
f0
01
06
24
22
26
f6
84
04
0c
07
50
d6
87
0e
06
85
06
f7
75
e6
9e
57
87
5f
87
17
05
08
06
06
05
58
85
c8
87
06
88
97
87
17
d6
9a
05
03
08
06
00
86
55
85
05
87
17
d6
06
85
5e
88
0e
ca
87
3e
87
07
55
85
05
03
06
87
17
d6
1e
e7
54
90
d7
07
f8
87
90
17
87
20
85
85
24
24
01
80
6c
88
c2
8e
07
f0
48
0e
f0
55
97
86
17
f0
07
e4
f0
04
07
d4
1c
88
04
f0
06
c6
f6
e6
87
88
06
9a
57
06
17
8a
d6
92
05
00
85
97
95
06
d8
05
85
55
06
e7
17
f0
06
86
10
86
06
00
20
04
87
85
85
24
24
01
80
40
0e
f0
06
05
05
f0
07
f0
06
86
20
06
86
00
04
87
f0
07
c7
f5
80
05
45
75
05
05
55
80
05
80
77
a5
a5
80
d7
01
77
24
26
22
20
2e
06
0e
87
8e
d4
c8
40
07
07
57
75
e5
08
83
84
57
75
e6
08
82
08
04
08
0e
47
77
56
ee
57
87
14
84
24
24
85
05
06
86
00
24
26
25
25
06
86
20
08
83
20
05
05
24
24
29
29
01
80
08
56
07
08
83
14
06
06
00
08
83
f0
07
06
56
75
08
83
8a
56
77
08
8a
08
46
76
d7
68
f0
04
c4
f7
67
08
83
08
07
87
f7
e7
07
e7
57
16
07
07
29
29
d7
06
03
f6
f3
63
05
06
86
00
24
26
25
25
06
86
10
f3
14
63
08
f0
01
d7
24
26
22
f7
86
08
04
96
07
c7
f7
e7
8e
77
a6
a6
10
47
87
08
86
48
d7
77
86
07
07
07
4e
52
06
86
76
97
e6
20
05
85
24
24
01
80
07
86
9c
86
06
00
20
08
86
05
85
24
24
01
80
77
a6
a6
10
20
08
86
05
85
24
24
01
80
07
de
c7
87
d6
77
a4
a4
06
05
85
00
86
06
10
20
08
86
05
85
24
24
01
80
07
07
87
76
97
77
e7
26
26
05
85
10
08
86
f0
77
a4
a4
f0
07
47
76
f7
07
e7
05
85
80
07
83
01
77
d7
7e
de
98
5f
2a
26
d8
57
9e
74
7e
2e
2c
28
df
e7
09
18
6e
16
87
08
52
10
e6
80
06
96
89
87
b8
87
04
97
5c
06
06
f4
04
05
20
07
07
c6
07
87
57
16
e7
19
40
07
06
06
c8
07
07
16
55
97
67
36
69
d7
77
88
04
08
00
77
06
08
08
08
b6
87
97
5a
87
06
02
06
86
f7
96
d8
97
e6
d7
77
05
85
f7
05
85
f5
17
07
20
e5
c7
18
f5
e5
85
24
24
29
29
01
80
05
06
ee
86
06
c6
06
c4
05
85
59
96
16
e6
39
e6
de
00
56
1c
e6
90
06
0a
04
97
4a
96
d8
07
e6
d7
96
e7
0c
07
e7
07
07
f7
87
f0
06
1a
e6
82
04
f0
e6
36
0e
89
87
b8
87
97
48
77
88
16
98
56
e6
d7
00
05
06
ee
84
06
d4
e6
36
0e
89
87
38
87
97
54
84
07
86
07
07
f7
76
57
66
99
69
d7
77
f0
e6
9c
07
07
8e
07
07
f7
f7
f0
1a
87
77
06
d6
89
b7
84
04
17
5a
09
87
36
84
89
10
05
20
05
07
07
de
07
17
09
54
84
07
07
f7
88
77
f0
07
06
f0
1e
85
f7
06
da
07
84
86
38
87
87
96
56
e9
d7
77
84
f0
05
08
87
f0
07
05
d7
06
08
06
86
96
66
36
69
07
04
f0
05
d6
05
08
05
87
95
e6
39
e6
0e
f0
88
05
06
07
e7
02
06
ca
06
ca
05
85
96
d5
95
e6
39
e6
d7
09
87
36
87
04
89
f0
66
9e
07
08
04
f0
06
98
89
87
38
87
97
04
58
04
f0
06
ce
05
85
96
55
16
e6
39
e6
de
f0
e6
96
07
04
f0
e6
9c
07
0e
88
87
08
04
f0
05
02
87
f0
e7
9a
0a
e7
06
89
87
38
87
97
52
07
07
f7
84
77
f0
e7
9a
10
e6
8a
88
87
08
f0
05
d6
05
08
05
87
95
e6
39
e6
0e
f0
9a
e6
92
07
02
87
08
04
f0
16
e7
8a
88
87
08
04
f0
07
06
f0
47
10
09
87
36
87
04
89
f0
06
12
e6
88
98
07
04
f0
e7
36
07
f0
84
07
06
f0
05
06
07
e7
08
06
c4
06
c4
05
85
96
d5
95
e6
39
e6
d7
89
87
36
87
04
f0
e7
06
89
b6
87
07
16
da
09
87
36
87
77
88
f0
e6
0a
ee
97
42
07
07
98
75
e5
f7
57
e7
18
04
f0
06
87
07
f0
0a
e6
00
ee
97
48
07
07
98
75
e5
57
f7
67
18
04
f0
66
07
94
07
08
f0
05
d6
05
08
05
87
95
e5
39
e6
07
f0
47
1e
89
87
36
87
04
f0
06
1c
e6
9e
f0
08
07
06
04
f0
e7
36
07
f0
07
08
08
87
04
f0
05
d6
05
08
05
87
95
e5
39
e6
07
f0
01
2c
d7
04
2a
24
20
2c
04
da
04
2e
28
26
22
2e
2a
28
26
f5
0c
74
0b
0e
07
0a
da
07
14
ea
99
ea
0b
04
0c
d5
04
04
75
74
d9
04
07
02
57
07
14
e7
e4
16
05
06
67
57
07
97
87
a7
47
0c
8b
80
6a
9c
0b
04
d5
04
75
09
04
0c
74
d9
10
66
8a
04
05
10
07
07
c2
07
06
87
14
57
e4
16
07
85
06
f0
07
05
09
06
86
75
96
07
87
77
05
e7
45
20
f7
16
e7
05
85
24
24
29
29
2a
2a
2b
2b
2c
2c
2d
2d
01
80
8b
0a
89
0c
07
8a
07
80
07
90
07
07
05
09
f0
6a
82
26
0a
05
10
26
07
07
46
0a
07
8a
14
da
ea
99
0b
8b
04
0c
f0
66
90
04
06
f0
04
05
06
f0
06
06
f0
09
04
0b
0c
f0
89
0a
04
0b
0c
f0
05
07
05
09
07
f0
04
07
5a
77
07
05
09
f0
66
82
0a
8b
09
00
e4
17
c4
07
e5
07
87
75
07
07
f0
04
9a
09
f0
85
10
05
26
f0
04
14
06
f0
05
10
05
f0
60
9a
57
da
6a
19
dd
14
6d
59
85
1c
85
94
dc
10
05
0d
85
10
0b
85
85
10
15
57
e5
7e
05
87
66
74
8d
05
0b
85
05
10
05
0a
85
10
26
85
05
10
1a
27
17
5a
67
fe
87
86
e2
f0
8a
87
03
95
0a
6a
f8
fa
05
05
8d
2e
2c
d4
10
2a
05
05
10
db
28
05
05
10
28
26
05
05
10
26
26
28
05
d7
85
76
23
88
07
87
57
74
14
f6
07
04
ec
87
84
04
39
89
06
85
05
10
05
26
85
10
0d
85
05
10
15
57
e5
27
7e
05
07
64
72
07
05
0d
85
85
28
10
05
09
85
10
26
85
85
10
17
26
15
d7
e7
27
fe
87
06
ec
fa
09
87
17
69
17
57
05
05
84
26
5c
10
05
09
85
10
0d
85
05
10
27
0a
05
05
10
05
d7
85
76
07
0a
06
86
57
75
17
f9
07
87
7a
04
06
7c
89
0c
69
87
50
77
12
97
5a
07
87
fa
87
07
56
77
07
05
09
f0
07
7c
09
37
87
87
86
72
ea
0e
87
8a
f0
12
82
f0
14
7e
07
8a
f0
8a
f0
8d
f0
e6
89
96
f0
57
95
99
69
55
f7
77
f0
87
09
4e
04
96
07
07
97
56
17
37
e7
e7
f7
d4
00
f7
06
0a
87
37
04
07
17
56
77
07
05
09
f0
77
06
0c
06
b7
8a
89
f0
0c
f0
09
f0
87
f0
66
0e
89
f0
09
36
86
87
8a
87
f0
96
36
8d
04
06
04
f0
07
5c
07
07
06
d7
07
08
07
04
97
67
37
e7
f7
05
00
f7
06
04
12
15
17
55
d7
e9
77
07
f0
6a
8a
07
f0
07
07
05
09
f0
07
e5
07
87
75
07
07
f0
d7
07
87
d8
08
77
fe
03
f7
0e
d5
0f
78
d6
0a
05
04
00
80
68
05
9a
18
e6
14
05
10
9e
05
8a
05
16
65
35
80
d7
07
87
08
d8
05
77
f3
8e
f7
d5
0f
78
d6
0a
05
04
12
68
be
16
e6
12
05
9c
80
16
e6
04
84
35
05
e5
80
ee
05
1a
1a
f0
85
65
08
80
6e
05
04
80
40
48
ec
06
70
85
e5
80
35
07
e5
80
05
80
64
05
ea
f0
d7
07
87
08
d8
05
77
f3
8e
f7
d5
0f
78
d6
04
05
00
12
68
be
10
e6
1c
05
98
80
04
88
35
05
e5
80
ee
05
0e
80
85
65
0a
80
6e
05
0a
80
e6
1c
f0
40
48
ec
06
70
85
e5
80
35
07
e5
80
05
80
64
05
ea
f0
01
2c
d8
04
28
22
2e
04
2e
2a
26
24
20
2c
2a
28
26
78
09
0b
74
da
0e
07
0e
57
07
14
e7
e4
1b
09
09
0c
d5
04
84
75
f4
da
08
07
02
d7
07
94
e7
e4
96
05
05
88
e7
07
cb
06
66
57
97
07
87
a7
80
6b
1a
d5
04
84
75
04
09
09
0c
f4
da
1c
e6
8a
88
85
10
07
07
c6
07
06
87
94
d7
e4
96
07
85
05
f0
0b
07
8e
07
8e
07
98
fa
05
04
0b
07
87
74
97
05
85
75
20
04
44
e5
97
f5
05
e5
24
24
29
29
2a
2a
2b
2b
2c
2c
2d
2d
01
80
04
0a
04
0b
05
f0
6b
06
26
04
05
10
26
07
07
40
07
04
07
14
57
64
1b
08
09
09
0c
f0
e6
94
04
05
f0
fa
05
04
0b
f0
0b
09
09
0c
f0
04
05
05
f0
86
05
f0
04
09
09
0c
f0
04
06
8b
05
f0
0d
8c
79
fc
85
05
da
28
26
5b
10
09
85
05
10
0d
05
05
10
0a
05
05
00
05
dc
0c
28
26
74
8a
06
87
fd
85
05
7d
f9
2c
2a
2e
00
28
85
05
00
d4
1d
85
0d
09
05
00
26
05
85
00
27
05
5c
57
85
28
28
26
76
26
88
06
87
79
7b
77
85
59
1b
85
0b
2c
2a
09
2e
54
00
85
28
05
00
26
05
05
00
0c
85
05
00
23
27
08
05
57
85
28
26
76
26
8c
06
85
7a
57
77
1a
85
85
8c
2c
2a
28
0a
2e
00
85
26
05
00
0d
05
85
00
0c
85
85
00
27
05
28
57
87
26
28
f6
26
8c
06
86
f4
77
14
8a
04
bb
04
0a
05
ba
06
07
39
b4
d7
bc
3a
64
04
6a
04
96
04
54
e6
14
36
da
64
e6
17
97
e6
d0
d7
f6
97
e6
e6
d4
08
05
50
f7
80
f7
07
8a
87
b6
84
86
97
da
07
87
f4
05
07
c2
d6
97
94
eb
54
f5
fa
f0
04
06
05
f0
64
97
c2
07
64
07
87
74
05
f0
04
94
06
f0
85
00
05
f0
04
14
0b
f0
00
05
26
f0
07
98
07
87
96
d5
97
37
66
e6
f7
d4
80
f7
07
8a
87
86
b7
84
97
dc
fa
05
04
0b
f0
08
f0
07
07
dc
fa
05
04
0b
f0
07
d8
07
87
05
d7
06
08
06
07
96
67
37
e7
f4
04
84
f7
06
04
10
86
94
54
94
87
d7
eb
fa
05
f0
07
e4
07
87
74
fa
8b
05
f0
07
07
01
77
78
de
93
5e
2a
28
d7
d8
57
98
0f
2e
2c
26
7e
e7
74
09
13
d6
e8
16
0a
c6
82
8e
56
18
e7
1a
07
84
80
97
58
87
06
04
06
86
f7
96
53
97
e5
d7
77
05
85
f7
05
85
f5
17
07
20
e5
c7
18
f5
e5
24
24
29
29
01
80
e7
18
c6
f0
06
07
e8
82
07
42
07
48
07
07
56
99
16
e9
36
e6
de
00
87
50
16
e6
92
06
0e
04
f0
87
12
09
87
33
87
04
97
58
06
06
f4
00
05
00
07
07
c2
07
87
d7
16
e7
99
4c
07
06
06
cc
07
07
96
d5
97
67
36
69
d7
f7
78
04
83
0a
f7
06
83
02
83
36
87
97
4c
56
07
93
e5
d7
9a
67
0e
07
e7
07
07
f7
87
f0
e6
36
0e
09
87
33
87
97
4c
f7
78
1a
93
d6
e5
d7
00
05
06
e8
84
06
dc
e6
36
08
89
87
b3
87
97
54
84
07
84
07
07
f7
f6
d7
66
99
e9
d7
f7
f0
e5
1a
07
07
